198,20
198,134
198,93
198,133
198,128
235,10
237,9
198,132
198,59
23,36
23,35
339,6
339,5
302,10
302,9
302,4
302,8
302,7
302,6
245,7
245,6
245,5
244,20
244,19
244,16
244,18
244,15
244,17
244,12
244,13
244,14
244,10
244,11
244,5
244,9
244,4
244,8
244,7
244,6
237,8
237,7
237,6
235,9
235,8
232,18
232,13
232,17
232,16
232,14
232,15
232,10
232,12
232,4
232,11
232,9
232,5
232,8
232,7
232,6
228,28
228,27
228,26
228,5
228,25
228,24
228,23
228,22
228,21
228,20
228,19
228,18
228,17
228,16
228,15
228,14
228,13
228,12
228,11
228,10
228,9
228,8
228,7
198,131
198,55
198,92
198,91
198,90
198,89
198,88
198,130
198,52
198,87
198,86
198,85
198,84
198,129
198,41
198,83
198,82
198,81
198,80
198,79
198,78
198,77
198,48
198,76
198,63
198,75
198,44
198,74
198,73
198,72
198,71
198,70
198,69
198,68
198,67
198,62
198,33
198,61
198,66
198,60
198,65
198,64
198,58
198,9
198,57
198,56
198,54
198,8
198,53
198,51
198,7
198,50
198,49
198,47
198,6
198,46
198,45
198,43
198,42
198,40
198,5
198,39
198,38
198,23
198,37
198,36
198,35
198,34
198,32
198,31
198,30
198,29
198,28
198,27
198,26
198,25
198,24
198,22
198,21
198,17
198,19
198,18
198,16
198,4
198,15
198,14
198,13
198,12
198,11
198,10
188,6
188,5
166,12
166,11
166,10
123,116
123,115
123,114
123,113
123,112
123,111
123,110
123,109
123,108
123,107
123,106
123,105
123,104
123,103
123,102
123,101
123,100
123,99
123,98
123,97
123,96
123,95
123,94
123,93
123,92
123,91
123,90
123,89
123,88
123,87
123,86
123,85
123,84
123,83
123,82
123,81
123,80
123,79
123,78
123,77
123,76
123,75
123,74
123,73
123,72
123,71
123,70
123,69
123,68
123,67
123,66
123,65
123,64
123,36
123,35
123,34
123,33
123,32
123,31
123,30
123,29
123,28
123,27
123,26
123,25
123,24
123,23
123,22
123,21
123,20
123,19
123,18
123,17
123,16
123,15
123,14
123,13
123,12
123,11
123,10
123,9
123,8
123,7
123,6
123,5
359,9
359,8
359,7
359,6
359,5
359,4
359,3
359,2
359,1
359,0
358,9
358,8
358,7
358,6
358,5
358,4
358,3
358,2
358,1
358,0
357,9
357,8
357,7
357,6
357,5
357,4
357,3
357,2
357,1
357,0
356,9
356,8
356,7
356,6
356,5
356,4
356,3
356,2
356,1
356,0
355,9
355,8
355,7
355,6
355,5
355,4
355,3
355,2
355,1
355,0
354,9
354,8
354,7
354,6
354,5
354,4
354,3
354,2
354,1
354,0
353,4
353,3
353,2
353,1
353,0
352,5
352,4
352,3
352,2
352,1
352,0
351,4
351,3
351,2
351,1
351,0
350,5
350,4
350,3
350,2
350,1
350,0
349,4
349,3
349,2
349,1
349,0
348,4
348,3
348,2
348,1
348,0
347,4
347,3
347,2
347,1
347,0
346,4
346,3
346,2
346,1
346,0
345,5
345,4
345,3
345,2
345,1
345,0
344,4
344,3
344,2
344,1
344,0
343,4
343,3
343,2
343,1
343,0
342,3
342,2
342,1
342,0
341,3
341,2
341,1
341,0
340,3
340,2
340,1
340,0
339,4
339,3
339,2
339,1
339,0
338,3
338,2
338,1
338,0
337,5
337,4
337,3
337,2
337,1
337,0
336,4
336,3
336,2
336,1
336,0
335,3
335,2
335,1
335,0
334,3
334,2
334,1
334,0
333,4
333,3
333,2
333,1
333,0
332,4
332,3
332,2
332,1
332,0
331,3
331,2
331,1
331,0
330,4
330,3
330,2
330,1
330,0
329,5
329,4
329,3
329,2
329,1
329,0
328,5
328,4
328,3
328,2
328,1
328,0
327,5
327,4
327,3
327,2
327,1
327,0
326,5
326,4
326,3
326,2
326,1
326,0
325,6
325,5
325,4
325,3
325,2
325,1
325,0
324,6
324,5
324,4
324,3
324,2
324,1
324,0
323,4
323,3
323,2
323,1
323,0
322,4
322,3
322,2
322,1
322,0
321,3
321,2
321,1
321,0
320,5
320,4
320,3
320,2
320,1
320,0
319,5
319,4
319,3
319,2
319,1
319,0
318,5
318,4
318,3
318,2
318,1
318,0
317,5
317,4
317,3
317,2
317,1
317,0
316,5
316,4
316,3
316,2
316,1
316,0
315,5
315,4
315,3
315,2
315,1
315,0
314,4
314,3
314,2
314,1
314,0
313,5
313,4
313,3
313,2
313,1
313,0
312,5
312,4
312,3
312,2
312,1
312,0
311,4
311,3
311,2
311,1
311,0
310,4
310,3
310,2
310,1
310,0
309,4
309,3
309,2
309,1
309,0
308,5
308,4
308,3
308,2
308,1
308,0
307,4
307,3
307,2
307,1
307,0
306,3
306,2
306,1
306,0
305,5
305,4
305,3
305,2
305,1
305,0
304,4
304,3
304,2
304,1
304,0
303,3
303,2
303,1
303,0
302,5
302,3
302,2
302,1
302,0
301,5
301,4
301,3
301,2
301,1
301,0
300,3
300,2
300,1
300,0
299,4
299,3
299,2
299,1
299,0
298,4
298,3
298,2
298,1
298,0
297,5
297,4
297,3
297,2
297,1
297,0
296,5
296,4
296,3
296,2
296,1
296,0
295,4
295,3
295,2
295,1
295,0
294,4
294,3
294,2
294,1
294,0
293,5
293,4
293,3
293,2
293,1
293,0
292,4
292,3
292,2
292,1
292,0
291,5
291,4
291,3
291,2
291,1
291,0
290,6
290,5
290,4
290,3
290,2
290,1
290,0
289,6
289,5
289,4
289,3
289,2
289,1
289,0
288,11
288,10
288,9
288,8
288,7
288,6
288,5
288,4
288,3
288,2
288,1
288,0
287,10
287,9
287,8
287,7
287,6
287,5
287,4
287,3
287,2
287,1
287,0
286,10
286,9
286,8
286,7
286,6
286,5
286,4
286,3
286,2
286,1
286,0
285,10
285,9
285,8
285,7
285,6
